id,scores,z1,z2,z3
UKAD-2025-927,-0.149546543354812,2.6007555,-10.450438,2.704456
UKAD-2025-1261,-0.14027153901710565,4.2189198,-8.036504,0.6211267
UKAD-2025-104,-0.14022491975235118,-0.69609094,-3.1566412,5.762021
UKAD-2025-1559,-0.13914244361323602,-0.74529564,-3.8793147,3.8588626
UKAD-2025-1074,-0.13349106085472995,-3.0101538,-1.903427,-4.091513
UKAD-2025-49,-0.13155294825327835,-2.7534955,-2.1315076,-4.0689683
UKAD-2025-1318,-0.13093384165465716,3.3286526,1.9181135,-0.75550896
UKAD-2025-1701,-0.1265207219795743,-0.40450677,-3.1960995,4.540667
UKAD-2025-1954,-0.12524555157630513,2.7299252,-5.336186,1.0667882
UKAD-2025-1441,-0.12364030461804998,-3.9750576,-0.62380123,-3.97416
